-1.670334321428739444e-01
-1.659576459620067390e-01
-1.647315694994113122e-01
-1.615215968077995390e-01
-1.557798137879073119e-01
-1.535576722988700182e-01
-1.516610782234469323e-01
-1.508516117458678085e-01
-1.510606822180458886e-01
-1.507149260737222218e-01
-1.501684342764972868e-01
-1.492779538085926283e-01
-1.488657925924547210e-01
-1.484564311845441853e-01
-1.487862585047075026e-01
-1.478780008693987014e-01
-1.473926921788902000e-01
-1.469435486680884528e-01
-1.470250121378058883e-01
-1.469756639915519858e-01
-1.469756639915519858e-01
-1.470250121378058883e-01
-1.469435486680884528e-01
-1.473926921788902000e-01
-1.478780008693987014e-01
-1.487862585047075026e-01
-1.484564311845441853e-01
-1.488657925924547210e-01
-1.492779538085926283e-01
-1.501684342764972868e-01
-1.507149260737222218e-01
-1.510606822180458886e-01
-1.508516117458678085e-01
-1.516610782234469323e-01
-1.535576722988700182e-01
-1.557798137879073119e-01
-1.615215968077995390e-01
-1.647315694994113122e-01
-1.659576459620067390e-01
-1.670334321428739444e-01
