-1.339342782161703771e-02
-1.344540968097155363e-02
-1.366710593553042107e-02
-1.408309167741114525e-02
-1.463128261561675268e-02
-1.535457988076017327e-02
-1.643429416629854298e-02
-1.775037685977510701e-02
-1.946838312457277106e-02
-2.181480215593248687e-02
-2.506867275429306915e-02
-3.016048764914201069e-02
-3.833505988805643167e-02
-4.296023295100011297e-02
-4.620733545385760643e-02
-4.883925465750276612e-02
-5.186994299333758107e-02
-5.339437445798833615e-02
-5.360576582380058297e-02
-5.419834401279776531e-02
-5.419834401279776531e-02
-5.360576582380058297e-02
-5.339437445798833615e-02
-5.186994299333758107e-02
-4.883925465750276612e-02
-4.620733545385760643e-02
-4.296023295100011297e-02
-3.833505988805643167e-02
-3.016048764914201069e-02
-2.506867275429306915e-02
-2.181480215593248687e-02
-1.946838312457277106e-02
-1.775037685977510701e-02
-1.643429416629854298e-02
-1.535457988076017327e-02
-1.463128261561675268e-02
-1.408309167741114525e-02
-1.366710593553042107e-02
-1.344540968097155363e-02
-1.339342782161703771e-02
