-2.874145275073175521e-02
-2.891329424354413882e-02
-2.943020777334016264e-02
-3.035153313698514543e-02
-3.177289729354075554e-02
-3.378496228877946733e-02
-3.648095754064102636e-02
-4.083299374170993451e-02
-4.894891477937650393e-02
-5.472418589159894209e-02
-5.904754346506484175e-02
-6.241603478505686892e-02
-6.533880674954853363e-02
-6.751598545832768195e-02
-6.947231775185234992e-02
-7.141199067851089488e-02
-7.269326760116245900e-02
-7.383536657813177806e-02
-7.414249883153940790e-02
-7.488924730385126960e-02
-7.488924730385126960e-02
-7.414249883153940790e-02
-7.383536657813177806e-02
-7.269326760116245900e-02
-7.141199067851089488e-02
-6.947231775185234992e-02
-6.751598545832768195e-02
-6.533880674954853363e-02
-6.241603478505686892e-02
-5.904754346506484175e-02
-5.472418589159894209e-02
-4.894891477937650393e-02
-4.083299374170993451e-02
-3.648095754064102636e-02
-3.378496228877946733e-02
-3.177289729354075554e-02
-3.035153313698514543e-02
-2.943020777334016264e-02
-2.891329424354413882e-02
-2.874145275073175521e-02
