-4.959836925594383189e-02
-5.002958817808783598e-02
-5.134538580837262611e-02
-5.359306573794505452e-02
-5.757515265475852961e-02
-6.554836161523575067e-02
-7.110836107396105443e-02
-7.523308842205847502e-02
-7.899482601894274036e-02
-8.180732920534945773e-02
-8.450057409173604428e-02
-8.706434060991267987e-02
-8.908676279384053487e-02
-9.105072979894665575e-02
-9.254030030836518650e-02
-9.365780996988223861e-02
-9.465044081498907858e-02
-9.549057374256315900e-02
-9.607021874729271271e-02
-9.619112624000476786e-02
-9.619112624000476786e-02
-9.607021874729271271e-02
-9.549057374256315900e-02
-9.465044081498907858e-02
-9.365780996988223861e-02
-9.254030030836518650e-02
-9.105072979894665575e-02
-8.908676279384053487e-02
-8.706434060991267987e-02
-8.450057409173604428e-02
-8.180732920534945773e-02
-7.899482601894274036e-02
-7.523308842205847502e-02
-7.110836107396105443e-02
-6.554836161523575067e-02
-5.757515265475852961e-02
-5.359306573794505452e-02
-5.134538580837262611e-02
-5.002958817808783598e-02
-4.959836925594383189e-02
