-2.388319399792738773e-01
-2.384397114076356738e-01
-2.382836444716008584e-01
-2.375066465863797938e-01
-2.364498274873020611e-01
-2.351366596867668635e-01
-2.323683964650284928e-01
-2.287212760322021865e-01
-2.244849257880474902e-01
-2.183552556389772858e-01
-2.086405665713134683e-01
-2.025099023608642190e-01
-1.985275662629671645e-01
-1.947876614957426422e-01
-1.917189868989224721e-01
-1.891886055016267776e-01
-1.877809804340070665e-01
-1.864854627768202378e-01
-1.857158183256990280e-01
-1.853516344696690965e-01
-1.853516344696690965e-01
-1.857158183256990280e-01
-1.864854627768202378e-01
-1.877809804340070665e-01
-1.891886055016267776e-01
-1.917189868989224721e-01
-1.947876614957426422e-01
-1.985275662629671645e-01
-2.025099023608642190e-01
-2.086405665713134683e-01
-2.183552556389772858e-01
-2.244849257880474902e-01
-2.287212760322021865e-01
-2.323683964650284928e-01
-2.351366596867668635e-01
-2.364498274873020611e-01
-2.375066465863797938e-01
-2.382836444716008584e-01
-2.384397114076356738e-01
-2.388319399792738773e-01
