-2.950301293038085776e-02
-2.970385313939487293e-02
-3.025995737838700281e-02
-3.130166073883941524e-02
-3.277694708528891554e-02
-3.495495569548677517e-02
-3.795830882611807983e-02
-4.262045685486130775e-02
-5.112563999438998752e-02
-5.683806028632829715e-02
-6.091426775236776642e-02
-6.464476008986264066e-02
-6.746524878955001414e-02
-7.059106776037819830e-02
-7.266441362154744954e-02
-7.405455211457270814e-02
-7.546844237795875820e-02
-7.666200364281620938e-02
-7.720338970896342690e-02
-7.741469745235832201e-02
-7.741469745235832201e-02
-7.720338970896342690e-02
-7.666200364281620938e-02
-7.546844237795875820e-02
-7.405455211457270814e-02
-7.266441362154744954e-02
-7.059106776037819830e-02
-6.746524878955001414e-02
-6.464476008986264066e-02
-6.091426775236776642e-02
-5.683806028632829715e-02
-5.112563999438998752e-02
-4.262045685486130775e-02
-3.795830882611807983e-02
-3.495495569548677517e-02
-3.277694708528891554e-02
-3.130166073883941524e-02
-3.025995737838700281e-02
-2.970385313939487293e-02
-2.950301293038085776e-02
