-1.304760784451725573e-02
-1.310979183550664735e-02
-1.331852244486680242e-02
-1.367270993894810147e-02
-1.410657046041389334e-02
-1.481990182953953766e-02
-1.578870988000450129e-02
-1.708356919884862490e-02
-1.872335698701669757e-02
-2.092042194711542583e-02
-2.400032112697000203e-02
-2.902710506167828150e-02
-3.672581892159933192e-02
-4.139071965512392676e-02
-4.498530966987410867e-02
-4.734383938443612744e-02
-4.888666983372132874e-02
-5.038920862006224244e-02
-5.132327915117168571e-02
-5.191417665703620954e-02
-5.191417665703620954e-02
-5.132327915117168571e-02
-5.038920862006224244e-02
-4.888666983372132874e-02
-4.734383938443612744e-02
-4.498530966987410867e-02
-4.139071965512392676e-02
-3.672581892159933192e-02
-2.902710506167828150e-02
-2.400032112697000203e-02
-2.092042194711542583e-02
-1.872335698701669757e-02
-1.708356919884862490e-02
-1.578870988000450129e-02
-1.481990182953953766e-02
-1.410657046041389334e-02
-1.367270993894810147e-02
-1.331852244486680242e-02
-1.310979183550664735e-02
-1.304760784451725573e-02
