-2.365728405072167195e-01
-2.363401891555123036e-01
-2.359302483731437472e-01
-2.348705745508051779e-01
-2.337278091232209698e-01
-2.326786318519190599e-01
-2.296132833914507065e-01
-2.263508605681413266e-01
-2.220897155961404634e-01
-2.154763812797165778e-01
-2.064681746627620718e-01
-2.013355280928080804e-01
-1.969214982870887143e-01
-1.933244176246986523e-01
-1.900604555327490841e-01
-1.874259561128752694e-01
-1.859329670001929058e-01
-1.845238600515186900e-01
-1.836438170078319443e-01
-1.836392676264626267e-01
-1.836392676264626267e-01
-1.836438170078319443e-01
-1.845238600515186900e-01
-1.859329670001929058e-01
-1.874259561128752694e-01
-1.900604555327490841e-01
-1.933244176246986523e-01
-1.969214982870887143e-01
-2.013355280928080804e-01
-2.064681746627620718e-01
-2.154763812797165778e-01
-2.220897155961404634e-01
-2.263508605681413266e-01
-2.296132833914507065e-01
-2.326786318519190599e-01
-2.337278091232209698e-01
-2.348705745508051779e-01
-2.359302483731437472e-01
-2.363401891555123036e-01
-2.365728405072167195e-01
