-2.015644268418438356e-01
-2.017473244611236172e-01
-2.006878054410085044e-01
-1.998367087517637086e-01
-1.984487787869201880e-01
-1.964444641200569774e-01
-1.912124795472577299e-01
-1.843774872956736310e-01
-1.806216193614243459e-01
-1.776651194465827532e-01
-1.755403944977323438e-01
-1.732381804040038220e-01
-1.712483379406406492e-01
-1.699451748369127657e-01
-1.683782687716212367e-01
-1.669799319431926610e-01
-1.658436389208774731e-01
-1.652421266839075031e-01
-1.649607039115275897e-01
-1.648113701817123522e-01
-1.648113701817123522e-01
-1.649607039115275897e-01
-1.652421266839075031e-01
-1.658436389208774731e-01
-1.669799319431926610e-01
-1.683782687716212367e-01
-1.699451748369127657e-01
-1.712483379406406492e-01
-1.732381804040038220e-01
-1.755403944977323438e-01
-1.776651194465827532e-01
-1.806216193614243459e-01
-1.843774872956736310e-01
-1.912124795472577299e-01
-1.964444641200569774e-01
-1.984487787869201880e-01
-1.998367087517637086e-01
-2.006878054410085044e-01
-2.017473244611236172e-01
-2.015644268418438356e-01
