-4.875232754519350648e-02
-4.914757792856348784e-02
-5.039113450265930022e-02
-5.266688326909854667e-02
-5.659802213339310689e-02
-6.448061214224826143e-02
-6.962046116344021429e-02
-7.371901024249073731e-02
-7.715688248363203328e-02
-8.015725448173038892e-02
-8.265600290173265308e-02
-8.480557155470799802e-02
-8.717001343152523674e-02
-8.874817859878454673e-02
-9.037557894020488425e-02
-9.145675401751070244e-02
-9.243866773131842463e-02
-9.326971424571943448e-02
-9.364863668961007082e-02
-9.386669576807842030e-02
-9.386669576807842030e-02
-9.364863668961007082e-02
-9.326971424571943448e-02
-9.243866773131842463e-02
-9.145675401751070244e-02
-9.037557894020488425e-02
-8.874817859878454673e-02
-8.717001343152523674e-02
-8.480557155470799802e-02
-8.265600290173265308e-02
-8.015725448173038892e-02
-7.715688248363203328e-02
-7.371901024249073731e-02
-6.962046116344021429e-02
-6.448061214224826143e-02
-5.659802213339310689e-02
-5.266688326909854667e-02
-5.039113450265930022e-02
-4.914757792856348784e-02
-4.875232754519350648e-02
