-1.258643180244401472e-01
-1.231035887289323866e-01
-1.215880175515602901e-01
-1.212867673965370430e-01
-1.219406530632683033e-01
-1.227090186130441601e-01
-1.232464156825745505e-01
-1.246304629024517496e-01
-1.254064950834096748e-01
-1.266234238215961094e-01
-1.276926666663637244e-01
-1.280969425989683386e-01
-1.289598899522268194e-01
-1.292866845067526527e-01
-1.294234829644858586e-01
-1.295659034349442296e-01
-1.301785176807414290e-01
-1.298518722730113151e-01
-1.299375406809878675e-01
-1.300902457142413537e-01
-1.300902457142413537e-01
-1.299375406809878675e-01
-1.298518722730113151e-01
-1.301785176807414290e-01
-1.295659034349442296e-01
-1.294234829644858586e-01
-1.292866845067526527e-01
-1.289598899522268194e-01
-1.280969425989683386e-01
-1.276926666663637244e-01
-1.266234238215961094e-01
-1.254064950834096748e-01
-1.246304629024517496e-01
-1.232464156825745505e-01
-1.227090186130441601e-01
-1.219406530632683033e-01
-1.212867673965370430e-01
-1.215880175515602901e-01
-1.231035887289323866e-01
-1.258643180244401472e-01
