-1.637747357417907168e-01
-1.631997737828969897e-01
-1.618759717168213041e-01
-1.584144157434007050e-01
-1.526804798863635459e-01
-1.502877794025456459e-01
-1.492453900776433418e-01
-1.488539271578492584e-01
-1.481112073949923114e-01
-1.477014190617393641e-01
-1.473583046310651401e-01
-1.469501115284489456e-01
-1.464748135537616291e-01
-1.458923475469343922e-01
-1.455542095614615894e-01
-1.450388977855528450e-01
-1.450909936440297199e-01
-1.448248675151733722e-01
-1.444729812680392300e-01
-1.445584713812611832e-01
-1.445584713812611832e-01
-1.444729812680392300e-01
-1.448248675151733722e-01
-1.450909936440297199e-01
-1.450388977855528450e-01
-1.455542095614615894e-01
-1.458923475469343922e-01
-1.464748135537616291e-01
-1.469501115284489456e-01
-1.473583046310651401e-01
-1.477014190617393641e-01
-1.481112073949923114e-01
-1.488539271578492584e-01
-1.492453900776433418e-01
-1.502877794025456459e-01
-1.526804798863635459e-01
-1.584144157434007050e-01
-1.618759717168213041e-01
-1.631997737828969897e-01
-1.637747357417907168e-01
