-7.571275750574522900e-02
-7.685792878023790797e-02
-8.218851243190578026e-02
-8.735190466120795749e-02
-9.088241508324959583e-02
-9.345455772290980900e-02
-9.592510273340364158e-02
-9.805150343687088488e-02
-1.003035693844531867e-01
-1.020409336516497761e-01
-1.041846795967710515e-01
-1.054544965566210912e-01
-1.069218617272826993e-01
-1.078217308438084443e-01
-1.088915690213390214e-01
-1.097456211253537151e-01
-1.106733419445112832e-01
-1.107075592560920058e-01
-1.109291683234281678e-01
-1.111458266104112802e-01
-1.111458266104112802e-01
-1.109291683234281678e-01
-1.107075592560920058e-01
-1.106733419445112832e-01
-1.097456211253537151e-01
-1.088915690213390214e-01
-1.078217308438084443e-01
-1.069218617272826993e-01
-1.054544965566210912e-01
-1.041846795967710515e-01
-1.020409336516497761e-01
-1.003035693844531867e-01
-9.805150343687088488e-02
-9.592510273340364158e-02
-9.345455772290980900e-02
-9.088241508324959583e-02
-8.735190466120795749e-02
-8.218851243190578026e-02
-7.685792878023790797e-02
-7.571275750574522900e-02
