-1.991131292399342667e-01
-1.986251873534767287e-01
-1.980052339914251947e-01
-1.978888543192801330e-01
-1.954644329191445318e-01
-1.926523299749171581e-01
-1.878189699721214134e-01
-1.816288623263914437e-01
-1.781367603852679615e-01
-1.755991519376321197e-01
-1.730037645739443131e-01
-1.707318166318962938e-01
-1.694257984911047010e-01
-1.671730887260071130e-01
-1.657072607088400651e-01
-1.646412302668197603e-01
-1.637316641106421333e-01
-1.632837500254513963e-01
-1.628887047843423086e-01
-1.625392267662919277e-01
-1.625392267662919277e-01
-1.628887047843423086e-01
-1.632837500254513963e-01
-1.637316641106421333e-01
-1.646412302668197603e-01
-1.657072607088400651e-01
-1.671730887260071130e-01
-1.694257984911047010e-01
-1.707318166318962938e-01
-1.730037645739443131e-01
-1.755991519376321197e-01
-1.781367603852679615e-01
-1.816288623263914437e-01
-1.878189699721214134e-01
-1.926523299749171581e-01
-1.954644329191445318e-01
-1.978888543192801330e-01
-1.980052339914251947e-01
-1.986251873534767287e-01
-1.991131292399342667e-01
