-1.240962258199926754e-01
-1.204433253377198004e-01
-1.192233377053144860e-01
-1.193679565883737914e-01
-1.199217204326040037e-01
-1.204519319451144016e-01
-1.213662338924237083e-01
-1.220469492674991913e-01
-1.233252158627941159e-01
-1.239507405096141462e-01
-1.251172507538031164e-01
-1.254570301877547533e-01
-1.264117029039469320e-01
-1.269099912985627021e-01
-1.268990648889974648e-01
-1.271175790773365066e-01
-1.278177966846370806e-01
-1.276844632187502382e-01
-1.278055583574879139e-01
-1.275546851851796226e-01
-1.275546851851796226e-01
-1.278055583574879139e-01
-1.276844632187502382e-01
-1.278177966846370806e-01
-1.271175790773365066e-01
-1.268990648889974648e-01
-1.269099912985627021e-01
-1.264117029039469320e-01
-1.254570301877547533e-01
-1.251172507538031164e-01
-1.239507405096141462e-01
-1.233252158627941159e-01
-1.220469492674991913e-01
-1.213662338924237083e-01
-1.204519319451144016e-01
-1.199217204326040037e-01
-1.193679565883737914e-01
-1.192233377053144860e-01
-1.204433253377198004e-01
-1.240962258199926754e-01
