-2.865574375166441978e-01
-2.861637759786158086e-01
-2.856314981348163640e-01
-2.838989364760515777e-01
-2.805653034465055429e-01
-2.771609019377320182e-01
-2.717789966882312447e-01
-2.661860697370159734e-01
-2.617010756310341746e-01
-2.564062150753628755e-01
-2.525836841490070594e-01
-2.485319136817150387e-01
-2.437760883247151733e-01
-2.389654678834210177e-01
-2.292085019084889042e-01
-2.234744616643167259e-01
-2.188975889532221719e-01
-2.161925272380157415e-01
-2.143471928417337857e-01
-2.135351422517814124e-01
-2.135351422517814124e-01
-2.143471928417337857e-01
-2.161925272380157415e-01
-2.188975889532221719e-01
-2.234744616643167259e-01
-2.292085019084889042e-01
-2.389654678834210177e-01
-2.437760883247151733e-01
-2.485319136817150387e-01
-2.525836841490070594e-01
-2.564062150753628755e-01
-2.617010756310341746e-01
-2.661860697370159734e-01
-2.717789966882312447e-01
-2.771609019377320182e-01
-2.805653034465055429e-01
-2.838989364760515777e-01
-2.856314981348163640e-01
-2.861637759786158086e-01
-2.865574375166441978e-01
