-2.849674051075151149e-01
-2.846033929930550932e-01
-2.834834548323672543e-01
-2.815622839505866892e-01
-2.793170746277159333e-01
-2.748563480812408200e-01
-2.701640502009737266e-01
-2.644027490485423293e-01
-2.602152649521721206e-01
-2.552807379914846519e-01
-2.506232650622997049e-01
-2.471464383403933762e-01
-2.421414138244765424e-01
-2.369025208340490851e-01
-2.278057223192893055e-01
-2.218247245797214384e-01
-2.180533772028908357e-01
-2.144974960567575251e-01
-2.122241497134363941e-01
-2.118070132240314485e-01
-2.118070132240314485e-01
-2.122241497134363941e-01
-2.144974960567575251e-01
-2.180533772028908357e-01
-2.218247245797214384e-01
-2.278057223192893055e-01
-2.369025208340490851e-01
-2.421414138244765424e-01
-2.471464383403933762e-01
-2.506232650622997049e-01
-2.552807379914846519e-01
-2.602152649521721206e-01
-2.644027490485423293e-01
-2.701640502009737266e-01
-2.748563480812408200e-01
-2.793170746277159333e-01
-2.815622839505866892e-01
-2.834834548323672543e-01
-2.846033929930550932e-01
-2.849674051075151149e-01
