-7.737539239598285878e-02
-7.866240069356746079e-02
-8.395227855928423522e-02
-8.924030706860135165e-02
-9.281230857175434834e-02
-9.543730173755199386e-02
-9.790058214543360948e-02
-1.005289192479005972e-01
-1.022480226757371824e-01
-1.041161075998638663e-01
-1.061004866534487057e-01
-1.079127754321314858e-01
-1.093057070650359230e-01
-1.104777453913413643e-01
-1.113782780327396138e-01
-1.122733559283388138e-01
-1.129225224022072510e-01
-1.131566797512126438e-01
-1.135538928732091057e-01
-1.133935859285128411e-01
-1.133935859285128411e-01
-1.135538928732091057e-01
-1.131566797512126438e-01
-1.129225224022072510e-01
-1.122733559283388138e-01
-1.113782780327396138e-01
-1.104777453913413643e-01
-1.093057070650359230e-01
-1.079127754321314858e-01
-1.061004866534487057e-01
-1.041161075998638663e-01
-1.022480226757371824e-01
-1.005289192479005972e-01
-9.790058214543360948e-02
-9.543730173755199386e-02
-9.281230857175434834e-02
-8.924030706860135165e-02
-8.395227855928423522e-02
-7.866240069356746079e-02
-7.737539239598285878e-02
