-1.500180549190885670e-01
-3.804482796095097052e-03
-1.801580890368010548e-03
-1.166915649547217151e-03
-5.589815518052154058e-04
-8.773897106581904283e-05
1.496281893899083627e-04
1.983260296699769498e-04
1.989854055065631898e-04
1.058496906139884505e-04
1.162476867174039704e-05
-3.041472216285338577e-05
-5.549120944058523735e-05
-2.506290432423034575e-05
-2.831496987126675061e-05
-1.834510483123691360e-06
3.984633014597616414e-07
6.289309187103972920e-06
9.457473396707331942e-06
1.918434074881078446e-06
-1.734723475976807191e-19
1.918434074880981037e-06
9.457473396706556060e-06
6.289309187103081842e-06
3.984633014597616414e-07
-1.834510483124192804e-06
-2.831496987126696068e-05
-2.506290432422994595e-05
-5.549120944058508827e-05
-3.041472216285228802e-05
1.162476867174098149e-05
1.058496906139899684e-04
1.989854055065631898e-04
1.983260296699793893e-04
1.496281893899089862e-04
-8.773897106581623746e-05
-5.589815518052148637e-04
-1.166915649547213682e-03
-1.801580890368010114e-03
-3.804482796095094016e-03
