-1.527319908486241828e-01
-3.932195963933161030e-03
-1.821525158072978372e-03
-1.219688400168798944e-03
-5.219812339194734472e-04
-7.882995185942189009e-05
1.811982454058014562e-04
2.480463185009313884e-04
5.647923654963360598e-05
5.798749631248964709e-05
3.413341714294517245e-05
-2.968296954600384012e-05
-3.368820506564752755e-05
-5.819173735282191979e-05
-4.838238330663741229e-05
-1.094995647909664940e-05
3.628566166902214346e-06
9.725518178057017995e-06
1.385890580506265860e-05
-6.623914826713387463e-07
-2.005774019098183299e-19
-6.623914826715555867e-07
1.385890580506200300e-05
9.725518178055771163e-06
3.628566166902214346e-06
-1.094995647909694078e-05
-4.838238330663776466e-05
-5.819173735282122184e-05
-3.368820506564737847e-05
-2.968296954600270170e-05
3.413341714294566034e-05
5.798749631249151056e-05
5.647923654963360598e-05
2.480463185009337194e-04
1.811982454058021609e-04
-7.882995185941907117e-05
-5.219812339194730135e-04
-1.219688400168794824e-03
-1.821525158072977938e-03
-3.932195963933157561e-03
