-2.510939441471499722e-01
-1.818317942616742497e-02
1.386653221552196355e-03
-6.872712875589709249e-04
1.205799563580082470e-04
6.353681112932036898e-04
-1.925485338649799609e-04
-6.249323511296548653e-05
1.068024472793971391e-04
-1.223341275153620505e-04
-2.491516932730651425e-05
1.064597056837261133e-04
-5.023944244323432358e-05
3.873006654851285195e-05
-8.934761074488266664e-06
-9.832957475097715128e-06
3.502643921444170558e-05
-7.590129243877322699e-06
-1.905666700569713656e-05
2.045308677310489834e-06
5.421010862427522170e-20
2.045308677309318811e-06
-1.905666700569659446e-05
-7.590129243880209387e-06
3.502643921444170558e-05
-9.832957475098172526e-06
-8.934761074487832983e-06
3.873006654851502036e-05
-5.023944244323424904e-05
1.064597056837291084e-04
-2.491516932730693777e-05
-1.223341275153545153e-04
1.068024472793971391e-04
-6.249323511295414306e-05
-1.925485338649803946e-04
6.353681112932103034e-04
1.205799563580081115e-04
-6.872712875589571556e-04
1.386653221552195921e-03
-1.818317942616741109e-02
