-2.108463238198127476e-01
-1.454958450764040623e-02
3.944320905222314282e-04
1.560851770933895533e-03
8.779934304642769433e-05
-4.063608070574100295e-04
-1.219992486158526316e-04
1.939233339478436957e-04
4.214691906311296692e-05
-1.197244731876505287e-04
-2.018896334123602325e-05
1.145504540709016531e-04
2.071244099147503750e-05
-3.185361641211701598e-05
-3.854896045966359479e-05
1.247770184835406138e-05
2.920197285627424205e-06
-1.328313033831614030e-05
2.861057994430247315e-06
5.610053646363752016e-06
2.710505431213761085e-20
5.610053646364120475e-06
2.861057994430399358e-06
-1.328313033831969615e-05
2.920197285627424205e-06
1.247770184835362769e-05
-3.854896045966341861e-05
-3.185361641211512541e-05
2.071244099147498668e-05
1.145504540709026966e-04
-2.018896334123612829e-05
-1.197244731876438066e-04
4.214691906311296692e-05
1.939233339478514749e-04
-1.219992486158527536e-04
-4.063608070574055301e-04
8.779934304642764012e-05
1.560851770933904207e-03
3.944320905222314282e-04
-1.454958450764039582e-02
