-1.784029608752465412e-01
-9.507585843810308773e-03
-1.712404685800034652e-03
1.461443338815455822e-04
5.454367064148469202e-04
4.230304953693638762e-04
4.325895585136681903e-05
-1.588105878844649373e-04
-1.031424275018455515e-04
-4.297701716200247644e-05
3.639166478461833596e-05
3.194776124787278006e-05
-3.231287191991795812e-05
-6.509818105720666819e-05
-3.464132419326443505e-06
1.689364456373687663e-05
9.589965904868714942e-06
1.469989372144259341e-05
5.038260752155346306e-06
-1.720117280578091576e-06
1.951563910473908029e-19
-1.720117280578118681e-06
5.038260752154833851e-06
1.469989372144108738e-05
9.589965904868714942e-06
1.689364456373623627e-05
-3.464132419326934784e-06
-6.509818105720519097e-05
-3.231287191991798522e-05
3.194776124787428439e-05
3.639166478461885096e-05
-4.297701716199798377e-05
-1.031424275018455515e-04
-1.588105878844595705e-04
4.325895585136753732e-05
4.230304953693662072e-04
5.454367064148464865e-04
1.461443338815522229e-04
-1.712404685800034219e-03
-9.507585843810301834e-03
