-2.527781389759213293e-01
-1.823638111242178658e-02
1.342140837593236219e-03
-6.568395702611575133e-04
1.381795346859538440e-04
7.337696797904009463e-04
-2.322774142755523383e-04
-2.602282903592725849e-05
1.424505261766184638e-04
-1.113604255098961349e-04
3.286860381057374276e-05
6.253671280324821496e-05
-5.526141192047423684e-05
1.129114347733634094e-05
-1.454791389196704796e-05
-5.923214586362746250e-05
2.839096491915049918e-05
2.061102938815129193e-05
-1.601918124323936697e-05
6.053701417535885250e-06
6.505213034913027567e-20
6.053701417535582012e-06
-1.601918124323887908e-05
2.061102938814632493e-05
2.839096491915049918e-05
-5.923214586362687974e-05
-1.454791389196660411e-05
1.129114347733814174e-05
-5.526141192047416908e-05
6.253671280325171151e-05
3.286860381057324810e-05
-1.113604255098855911e-04
1.424505261766184638e-04
-2.602282903591949628e-05
-2.322774142755527720e-04
7.337696797904072346e-04
1.381795346859537085e-04
-6.568395702611437440e-04
1.342140837593236219e-03
-1.823638111242177270e-02
