-1.241484379958953527e-01
2.015931699368124063e-03
-2.150438742915513273e-05
-4.344913570928642956e-04
-3.300730033671782360e-04
-2.576388439950535081e-04
-2.019525781076407587e-04
-2.015224984947031571e-04
-1.212135035722317175e-04
-1.470449802673932287e-04
-8.162410255826769480e-05
-5.162158531095155427e-05
-6.546486691639774006e-05
-2.492168673164626074e-05
-1.611521743187961037e-05
-2.689472672497035600e-05
1.107588229767864128e-06
-2.280589735050960844e-06
-1.668682192433032460e-06
-4.900589718752444255e-06
-9.757819552369540147e-20
-4.900589718752357011e-06
-1.668682192432907734e-06
-2.280589735050410696e-06
1.107588229767864128e-06
-2.689472672496993249e-05
-1.611521743187953584e-05
-2.492168673164608795e-05
-6.546486691639755032e-05
-5.162158531095145940e-05
-8.162410255826761348e-05
-1.470449802673936895e-04
-1.212135035722317175e-04
-2.015224984947035908e-04
-2.019525781076405419e-04
-2.576388439950536165e-04
-3.300730033671779107e-04
-4.344913570928654882e-04
-2.150438742915508530e-05
2.015931699368122328e-03
