-5.470628481199255738e-02
1.297944022126221175e-02
1.074925173730735539e-03
-1.066619940311271759e-03
-6.678332152715572541e-04
3.718881309449353971e-05
2.979552455004844461e-04
1.301134259227884724e-04
-1.173096991347627487e-04
-1.483188233987608887e-04
3.437148459312893686e-05
6.036463689510894475e-05
2.913509623784522258e-05
-2.129750975769992486e-05
-4.589335534870755403e-05
4.371681092292523277e-06
2.539542148534690562e-05
4.890040585261740728e-06
-7.031341481029529198e-06
-2.211414890041830859e-06
-2.087089182034596084e-19
-2.211414890042448769e-06
-7.031341481029301346e-06
4.890040585264592688e-06
2.539542148534690562e-05
4.371681092292078585e-06
-4.589335534870729653e-05
-2.129750975770117169e-05
2.913509623784536488e-05
6.036463689510737266e-05
3.437148459312858450e-05
-1.483188233987660929e-04
-1.173096991347627487e-04
1.301134259227806661e-04
2.979552455004837955e-04
3.718881309448947395e-05
-6.678332152715567120e-04
-1.066619940311280216e-03
1.074925173730735322e-03
1.297944022126220655e-02
