-1.809397171072891775e-01
-9.686286514350274726e-03
-1.673645301452286174e-03
2.133241538970401913e-04
6.578179714922959996e-04
4.087214055895585941e-04
-7.647020957566127335e-05
-2.050026280461817113e-04
-1.662764868305633076e-04
2.055067517838995108e-05
1.213345322419595178e-04
6.159455480768147935e-05
9.065319377692289065e-06
-1.454966249510593991e-05
-1.686158299105556396e-05
1.092179511880814318e-06
2.158787862125144668e-05
1.331019865151092385e-05
-6.428231280897482754e-07
-1.018527777382701064e-06
1.816038638913219975e-19
-1.018527777382722664e-06
-6.428231280901711566e-07
1.331019865150918913e-05
2.158787862125144668e-05
1.092179511878732523e-06
-1.686158299105598748e-05
-1.454966249510451350e-05
9.065319377692124741e-06
6.159455480768238737e-05
1.213345322419598295e-04
2.055067517839383388e-05
-1.662764868305633076e-04
-2.050026280461760735e-04
-7.647020957566062283e-05
4.087214055895614130e-04
6.578179714922952406e-04
2.133241538970470489e-04
-1.673645301452285523e-03
-9.686286514350267787e-03
