-2.902888052242254269e-02
1.039702805479667154e-02
-2.190574898049856955e-03
-7.727245115828943432e-04
7.255293893257073459e-04
9.398312694988655128e-06
-3.299677696003377428e-04
1.464602992596417293e-04
8.860248222445355469e-05
-9.750828919754411534e-05
-1.213095319952395313e-05
5.349974122308256340e-05
-1.471102878665862601e-05
-3.275061419880584548e-05
2.278722072603794890e-05
8.668576861800559769e-06
-2.029652850709454386e-05
7.730295526238125094e-06
4.756221690176230285e-06
-3.159662253426998393e-06
2.439454888092384977e-19
-3.159662253426790023e-06
4.756221690175861826e-06
7.730295526240347709e-06
-2.029652850709454386e-05
8.668576861801220455e-06
2.278722072603743052e-05
-3.275061419880674672e-05
-1.471102878665872765e-05
5.349974122308084900e-05
-1.213095319952336868e-05
-9.750828919754904846e-05
8.860248222445355469e-05
1.464602992596362812e-04
-3.299677696003367128e-04
9.398312694985494001e-06
7.255293893257068038e-04
-7.727245115829012821e-04
-2.190574898049856088e-03
1.039702805479666460e-02
