-5.273722293216469986e-02
1.243694206802258354e-02
9.836531108539995055e-04
-1.047182713912160308e-03
-7.019317677156239679e-04
1.000777195537015456e-04
3.255410122011934983e-04
6.927213416643291093e-05
-1.302936700881551779e-04
-9.998835561284638584e-05
-1.245474941358442557e-06
8.699739490049875632e-05
1.691543030541255502e-05
-2.604323433052675854e-05
-3.322002282849902333e-05
6.917266320850823888e-06
8.617797174861885684e-06
1.331155413702982628e-05
-7.099962525239877300e-06
-3.355194965669093693e-06
-2.032879073410320814e-19
-3.355194965669903033e-06
-7.099962525239660460e-06
1.331155413703197266e-05
8.617797174861885684e-06
6.917266320850889110e-06
-3.322002282849899623e-05
-2.604323433052803247e-05
1.691543030541274136e-05
8.699739490049734686e-05
-1.245474941358822028e-06
-9.998835561285183396e-05
-1.302936700881551779e-04
6.927213416642677164e-05
3.255410122011929020e-04
1.000777195536973850e-04
-7.019317677156232090e-04
-1.047182713912167898e-03
9.836531108539988549e-04
1.243694206802257660e-02
