-7.775682025440942835e-02
1.145425690297663043e-02
2.854552689502189069e-03
6.597651489147938900e-04
-1.746277747487824693e-04
-4.115585779549735582e-04
-3.481739024463954596e-04
-1.288755046829445801e-04
3.233502315489466958e-05
8.360049965067723637e-05
9.616100129081393507e-05
3.719390056666234114e-05
1.141884449256313702e-06
-3.881307471383208148e-05
-4.465182950674617256e-05
-1.964574431276566995e-05
7.386145220075746371e-06
9.817789130747002171e-06
6.913016302251316983e-06
2.447906440257376425e-06
-6.844026213814747703e-20
2.447906440257202783e-06
6.913016302252054749e-06
9.817789130749621197e-06
7.386145220075746371e-06
-1.964574431276565301e-05
-4.465182950674561013e-05
-3.881307471383345028e-05
1.141884449256342925e-06
3.719390056666023372e-05
9.616100129081285087e-05
8.360049965067101576e-05
3.233502315489466958e-05
-1.288755046829506245e-04
-3.481739024463964896e-04
-4.115585779549774613e-04
-1.746277747487823067e-04
6.597651489147846743e-04
2.854552689502188635e-03
1.145425690297662349e-02
