-9.946225201986264031e-02
7.478726542950581840e-03
2.298700912166639840e-03
1.095228563428854527e-03
6.772272201524772751e-04
3.837148703739549352e-04
2.270440803549478239e-04
4.037673108377923666e-05
-1.572571610934936291e-05
-3.515475867891931907e-05
-8.103889185403350141e-05
-4.980683607008953428e-05
-5.910437088530087334e-05
-2.737534090441846521e-05
-2.390508585530960248e-05
-2.022930828203748014e-05
-6.795793798686222856e-06
-2.846034282201124158e-06
7.762672079253495426e-08
-4.367153452979359407e-06
2.710505431213761085e-19
-4.367153452979228964e-06
7.762672079312041284e-08
-2.846034282199226805e-06
-6.795793798686222856e-06
-2.022930828203749030e-05
-2.390508585530918913e-05
-2.737534090441946471e-05
-5.910437088530090722e-05
-4.980683607009109282e-05
-8.103889185403405707e-05
-3.515475867892341871e-05
-1.572571610934936291e-05
4.037673108377426288e-05
2.270440803549467397e-04
3.837148703739510862e-04
6.772272201524767330e-04
1.095228563428847805e-03
2.298700912166638972e-03
7.478726542950578371e-03
