-7.605629898858209947e-02
1.107674622920202037e-02
2.779863907948110398e-03
6.639271742721998895e-04
-1.499297211635936119e-04
-4.059702230984525988e-04
-3.287048028436937905e-04
-1.373244857501850044e-04
1.392061511785447483e-05
7.239274875399819606e-05
9.660808544361241146e-05
4.986941768121201136e-05
-7.652370297529732636e-06
-4.062975843996557594e-05
-3.553434388682760601e-05
-1.485257006865262210e-05
-7.224116457550667009e-06
1.225314575580259729e-05
1.204641211268763689e-05
2.180377413267065285e-06
-5.217722955086490209e-20
2.180377413267368947e-06
1.204641211268861267e-05
1.225314575580456579e-05
-7.224116457550667009e-06
-1.485257006865065360e-05
-3.553434388682698259e-05
-4.062975843996678889e-05
-7.652370297529698754e-06
4.986941768120976165e-05
9.660808544361142213e-05
7.239274875399277504e-05
1.392061511785447483e-05
-1.373244857501914554e-04
-3.287048028436948747e-04
-4.059702230984563393e-04
-1.499297211635934493e-04
6.639271742721907822e-04
2.779863907948109964e-03
1.107674622920201170e-02
