-2.129642734320423281e-01
-1.475706198389371664e-02
3.999920121764871423e-04
1.730731707729500765e-03
9.560668478248423587e-05
-4.545944244381447917e-04
-5.353047354647754081e-05
2.167549315733943716e-04
6.337239056730670397e-06
-1.651046153820158631e-04
1.447147090418300885e-05
1.126395391003307185e-04
-1.343900257095977833e-05
-6.184725790721185544e-05
-1.285766851902509292e-05
2.148689603939241404e-05
-3.792787651307749641e-06
-1.607109264480372009e-05
3.455629153308623421e-06
2.989922422061506635e-06
3.794707603699265880e-20
2.989922422061766674e-06
3.455629153308731842e-06
-1.607109264480689815e-05
-3.792787651307749641e-06
2.148689603939027613e-05
-1.285766851902503871e-05
-6.184725790720959216e-05
-1.343900257095977833e-05
1.126395391003323177e-04
1.447147090418286147e-05
-1.651046153820088429e-04
6.337239056730670397e-06
2.167549315734031536e-04
-5.353047354647768989e-05
-4.545944244381407259e-04
9.560668478248414101e-05
1.730731707729510523e-03
3.999920121764870880e-04
-1.475706198389370449e-02
