-1.016374325076927765e-01
7.654723663413275266e-03
2.335273309809657652e-03
1.085314708471208115e-03
7.218584531372081213e-04
3.883992859617435892e-04
1.876613631183198818e-04
4.913474248267012123e-05
2.062545019771433655e-05
-4.231735833759732836e-05
-8.192858196375116166e-05
-7.452520166305894153e-05
-3.962897235117576668e-05
-2.661064216310481394e-05
-1.055951431017110309e-05
-2.257571516828052596e-05
-7.335249363402129852e-06
-7.564766836991410936e-06
5.054144480562167950e-07
5.696669726433945462e-07
2.276824562219559408e-19
5.696669726434162515e-07
5.054144480568998212e-07
-7.564766836988968940e-06
-7.335249363402129852e-06
-2.257571516828007872e-05
-1.055951431017076767e-05
-2.661064216310550512e-05
-3.962897235117596997e-05
-7.452520166306068981e-05
-8.192858196375187995e-05
-4.231735833760104853e-05
2.062545019771433655e-05
4.913474248266510680e-05
1.876613631183188247e-04
3.883992859617392524e-04
7.218584531372074708e-04
1.085314708471202044e-03
2.335273309809657218e-03
7.654723663413270929e-03
