-3.023411122801311635e-02
1.092568341449717123e-02
-2.321760951365987261e-03
-7.240035492793632857e-04
7.197185439290670938e-04
-7.603355928587248072e-06
-2.704732286693772403e-04
5.034442479640924826e-05
1.687513210457764140e-04
-1.427653322453044220e-04
-1.942695098491246768e-05
9.331604871455083839e-05
-5.989317748550889890e-05
-6.971767124206275884e-06
1.633957811774441188e-05
1.194737523952937931e-05
-2.092691656282244788e-05
6.014852295502655673e-06
6.784437378875121049e-06
-4.733063170504992219e-06
2.547875105340935516e-19
-4.733063170504759285e-06
6.784437378874698380e-06
6.014852295504677540e-06
-2.092691656282244788e-05
1.194737523953036017e-05
1.633957811774385961e-05
-6.971767124207604032e-06
-5.989317748550885824e-05
9.331604871454869709e-05
-1.942695098491186120e-05
-1.427653322453089485e-04
1.687513210457764140e-04
5.034442479640367140e-05
-2.704732286693761019e-04
-7.603355928590609099e-06
7.197185439290663348e-04
-7.240035492793702246e-04
-2.321760951365986394e-03
1.092568341449716256e-02
