-1.264741453670269189e-01
2.081467554300412467e-03
4.429402204786407675e-05
-4.840989038491879575e-04
-3.710846989867224929e-04
-2.432562960618118292e-04
-1.892060397918546028e-04
-1.703108020414972770e-04
-1.199367496137027198e-04
-8.857197946623453482e-05
-6.393710904800674365e-05
-1.633747156269417975e-05
-4.339006044444646167e-05
5.255800287787271830e-06
-1.601198450164784232e-06
-2.030362397545705657e-05
-1.234758577184913476e-05
-6.576497467440711107e-06
5.641168901950017793e-06
-7.858577135728007229e-07
-1.273937552670467758e-19
-7.858577135728007229e-07
5.641168901950093179e-06
-6.576497467440092773e-06
-1.234758577184913476e-05
-2.030362397545682957e-05
-1.601198450164748868e-06
5.255800287787098188e-06
-4.339006044444631259e-05
-1.633747156269409504e-05
-6.393710904800667589e-05
-8.857197946623495495e-05
-1.199367496137027198e-04
-1.703108020414980089e-04
-1.892060397918544944e-04
-2.432562960618120460e-04
-3.710846989867221135e-04
-4.840989038491890959e-04
4.429402204786413096e-05
2.081467554300410732e-03
